    3076
    3226
    3112
    3216
    3060
    3181
    3214
    3124
    3298
    3388
    3392
    3130
    3103
    3219
    3394
    3104
    3373
    3243
    3323
    3167
    3305
    3339
    3208
    3223
    3308
    3313
    3149
    3225
    3228
    3213
    3274
    3304
    3254
    3268
    3395
    3158
    3016
    3314
    3001
    3128
    3346
    3077
    3040
    3285
    3333
    3196
    3245
    3250
    3283
    3239
    3204
    3275
    3074
    3047
    3266
    3148
    3059
    3255
    3248
    3189
    3113
    3071
    3116
    3291
    3294
    3118
    3229
    3190
    3094
    3136
    3097
    3242
    3070
    3173
    3212
    3206
    3020
    3363
    3240
    3390
    3211
    3110
    3160
    3125